minimum  : 5.3125 
percent10: 5.3125 
quartile1: 83.89062 
median   : 91.59375 
mean     : 86.35896 
quartile3: 96.17188 
percent90: 97.9625 
maximum  : 100 
range    : 94.6875 
stdev    : 15.46499 
missing  : 0 
